CLM1
Ego
37.52672001,126.52241849
37.52674862,126.52239131
37.52677449,126.52236512

Target
37.52662616,126.52255366
37.52662616,126.52255366
37.52662616,126.52255366

CLM2
Ego
37.52662633,126.52255243
37.52662633,126.52255243
37.52662633,126.52255243

Target
37.52682074,126.52232360
37.52679135,126.52235078
37.52676156,126.52238093

CLM3
Ego
37.52666984,126.52246347
37.52663888,126.52249460
37.52661105,126.52252080

Target
37.52662633,126.52255391
37.52662633,126.52255391
37.52662633,126.52255391

CLM4
Ego
37.52670081,126.52252722
37.52667062,126.52255737
37.52664084,126.52258455

Target
37.52661105,126.52252080
37.52661105,126.52252080
37.52661105,126.52252080